12,93
12,92
12,91
12,90
12,89
12,88
12,87
12,86
12,85
12,84
12,83
12,82
12,81
12,80
12,79
12,78
12,77
12,76
12,75
12,74
12,73
12,72
12,71
12,70
12,69
12,68
12,67
12,66
12,65
12,64
12,38
12,37
12,36
12,35
12,34
12,33
12,32
12,31
12,30
12,29
12,28
12,27
12,26
12,25
12,24
12,23
12,22
12,21
12,20
12,19
12,18
12,17
12,16
12,15
12,14
12,13
12,12
12,11
12,10
12,9
12,8
12,7
12,6
12,5
12,4
12,2
12,0
11,4
11,2
11,0
10,4
10,3
10,2
10,1
9,4
9,3
9,2
9,1
5,3
5,2
5,1
5,0
4,3
4,2
11,1
4,1
4,0
3,6
3,5
3,4
3,3
11,3
3,2
3,1
12,1
3,0
2,2
2,0
1,3
12,3
1,2
1,1
2,1
1,0
0,408
0,322
0,243
0,0
2,3
0,9
0,310
0,305
0,308
0,304
0,303
0,302
0,307
0,12
0,10
0,8
0,300
0,299
0,298
0,297
0,296
0,295
0,294
0,293
0,292
0,291
0,290
0,289
0,288
0,287
0,286
0,285
0,284
0,283
0,282
0,281
0,417
0,280
0,416
0,279
0,415
0,278
0,414
0,277
0,413
0,276
0,412
0,275
0,411
0,274
0,410
0,273
0,409
0,272
0,407
0,271
0,406
0,270
0,405
0,269
0,404
0,268
0,403
0,267
0,402
0,266
0,401
0,265
0,400
0,264
0,399
0,263
0,398
0,262
0,397
0,261
0,396
0,260
0,395
0,259
0,394
0,258
0,393
0,257
0,392
0,256
0,391
0,255
0,390
0,254
0,389
0,253
0,388
0,252
0,387
0,251
0,386
0,250
0,385
0,249
0,384
0,248
0,383
0,247
0,382
0,246
0,381
0,245
0,380
0,244
0,379
0,242
0,378
0,241
0,377
0,240
0,376
0,239
0,375
0,238
0,374
0,237
0,373
0,236
0,372
0,235
0,371
0,234
0,370
0,233
0,369
0,232
0,368
0,231
0,367
0,230
0,366
0,229
0,365
0,228
0,364
0,227
0,363
0,226
0,362
0,225
0,361
0,224
0,360
0,223
0,359
0,222
0,358
0,221
0,357
0,220
0,356
0,219
0,355
0,218
0,354
0,217
0,353
0,216
0,344
0,215
0,343
0,214
0,342
0,213
0,341
0,212
0,340
0,211
0,352
0,210
0,339
0,209
0,338
0,208
0,337
0,207
0,336
0,206
0,351
0,205
0,350
0,204
0,335
0,203
0,349
0,202
0,348
0,201
0,347
0,200
0,334
0,199
0,332
0,198
0,331
0,197
0,333
0,196
0,330
0,195
0,329
0,194
0,328
0,193
0,327
0,192
0,326
0,63
0,325
0,62
0,346
0,61
0,324
0,60
0,323
0,59
0,321
0,58
0,345
0,57
0,320
0,56
0,319
0,55
0,318
0,54
0,317
0,53
0,316
0,52
0,315
0,51
0,314
0,50
0,313
0,49
0,312
0,48
0,311
0,47
0,309
0,46
0,306
0,45
0,301
0,6
0,5
0,1
0,11
0,4
0,2
0,3
0,7
